report_date,county,measure,party,value
2024-12,Allegany,address_changes,,283
2024-12,Allegany,name_changes,,230
2024-12,Allegany,confirmation_mailings,,159
2024-12,Allegany,inactive,,2730
2024-12,Allegany,party_affiliation_changes_from,DEM,35
2024-12,Allegany,party_affiliation_changes_from,REP,20
2024-12,Allegany,party_affiliation_changes_from,NLM,1
2024-12,Allegany,party_affiliation_changes_from,LIB,2
2024-12,Allegany,party_affiliation_changes_from,GRN,0
2024-12,Allegany,party_affiliation_changes_from,UNAF,28
2024-12,Allegany,party_affiliation_changes_from,OTH,7
2024-12,Anne Arundel,address_changes,,1065
2024-12,Anne Arundel,name_changes,,288
2024-12,Anne Arundel,confirmation_mailings,,6225
2024-12,Anne Arundel,inactive,,24038
2024-12,Anne Arundel,party_affiliation_changes_from,DEM,468
2024-12,Anne Arundel,party_affiliation_changes_from,REP,196
2024-12,Anne Arundel,party_affiliation_changes_from,NLM,30
2024-12,Anne Arundel,party_affiliation_changes_from,LIB,31
2024-12,Anne Arundel,party_affiliation_changes_from,GRN,8
2024-12,Anne Arundel,party_affiliation_changes_from,UNAF,786
2024-12,Anne Arundel,party_affiliation_changes_from,OTH,77
2024-12,Baltimore City,address_changes,,1394
2024-12,Baltimore City,name_changes,,317
2024-12,Baltimore City,confirmation_mailings,,6614
2024-12,Baltimore City,inactive,,13084
2024-12,Baltimore City,party_affiliation_changes_from,DEM,201
2024-12,Baltimore City,party_affiliation_changes_from,REP,47
2024-12,Baltimore City,party_affiliation_changes_from,NLM,15
2024-12,Baltimore City,party_affiliation_changes_from,LIB,4
2024-12,Baltimore City,party_affiliation_changes_from,GRN,3
2024-12,Baltimore City,party_affiliation_changes_from,UNAF,203
2024-12,Baltimore City,party_affiliation_changes_from,OTH,30
2024-12,Baltimore County,address_changes,,3705
2024-12,Baltimore County,name_changes,,3338
2024-12,Baltimore County,confirmation_mailings,,12174
2024-12,Baltimore County,inactive,,16027
2024-12,Baltimore County,party_affiliation_changes_from,DEM,817
2024-12,Baltimore County,party_affiliation_changes_from,REP,290
2024-12,Baltimore County,party_affiliation_changes_from,NLM,74
2024-12,Baltimore County,party_affiliation_changes_from,LIB,38
2024-12,Baltimore County,party_affiliation_changes_from,GRN,17
2024-12,Baltimore County,party_affiliation_changes_from,UNAF,909
2024-12,Baltimore County,party_affiliation_changes_from,OTH,172
2024-12,Calvert,address_changes,,679
2024-12,Calvert,name_changes,,515
2024-12,Calvert,confirmation_mailings,,1567
2024-12,Calvert,inactive,,2768
2024-12,Calvert,party_affiliation_changes_from,DEM,177
2024-12,Calvert,party_affiliation_changes_from,REP,78
2024-12,Calvert,party_affiliation_changes_from,NLM,4
2024-12,Calvert,party_affiliation_changes_from,LIB,7
2024-12,Calvert,party_affiliation_changes_from,GRN,5
2024-12,Calvert,party_affiliation_changes_from,UNAF,180
2024-12,Calvert,party_affiliation_changes_from,OTH,20
2024-12,Caroline,address_changes,,229
2024-12,Caroline,name_changes,,130
2024-12,Caroline,confirmation_mailings,,70
2024-12,Caroline,inactive,,912
2024-12,Caroline,party_affiliation_changes_from,DEM,15
2024-12,Caroline,party_affiliation_changes_from,REP,16
2024-12,Caroline,party_affiliation_changes_from,NLM,1
2024-12,Caroline,party_affiliation_changes_from,LIB,1
2024-12,Caroline,party_affiliation_changes_from,GRN,1
2024-12,Caroline,party_affiliation_changes_from,UNAF,21
2024-12,Caroline,party_affiliation_changes_from,OTH,5
2024-12,Carroll,address_changes,,720
2024-12,Carroll,name_changes,,424
2024-12,Carroll,confirmation_mailings,,768
2024-12,Carroll,inactive,,4530
2024-12,Carroll,party_affiliation_changes_from,DEM,158
2024-12,Carroll,party_affiliation_changes_from,REP,75
2024-12,Carroll,party_affiliation_changes_from,NLM,3
2024-12,Carroll,party_affiliation_changes_from,LIB,11
2024-12,Carroll,party_affiliation_changes_from,GRN,1
2024-12,Carroll,party_affiliation_changes_from,UNAF,172
2024-12,Carroll,party_affiliation_changes_from,OTH,26
2024-12,Cecil,address_changes,,464
2024-12,Cecil,name_changes,,582
2024-12,Cecil,confirmation_mailings,,405
2024-12,Cecil,inactive,,3299
2024-12,Cecil,party_affiliation_changes_from,DEM,85
2024-12,Cecil,party_affiliation_changes_from,REP,69
2024-12,Cecil,party_affiliation_changes_from,NLM,4
2024-12,Cecil,party_affiliation_changes_from,LIB,3
2024-12,Cecil,party_affiliation_changes_from,GRN,1
2024-12,Cecil,party_affiliation_changes_from,UNAF,137
2024-12,Cecil,party_affiliation_changes_from,OTH,13
2024-12,Charles,address_changes,,949
2024-12,Charles,name_changes,,901
2024-12,Charles,confirmation_mailings,,429
2024-12,Charles,inactive,,5364
2024-12,Charles,party_affiliation_changes_from,DEM,379
2024-12,Charles,party_affiliation_changes_from,REP,93
2024-12,Charles,party_affiliation_changes_from,NLM,19
2024-12,Charles,party_affiliation_changes_from,LIB,12
2024-12,Charles,party_affiliation_changes_from,GRN,2
2024-12,Charles,party_affiliation_changes_from,UNAF,340
2024-12,Charles,party_affiliation_changes_from,OTH,39
2024-12,Dorchester,address_changes,,290
2024-12,Dorchester,name_changes,,183
2024-12,Dorchester,confirmation_mailings,,68
2024-12,Dorchester,inactive,,578
2024-12,Dorchester,party_affiliation_changes_from,DEM,32
2024-12,Dorchester,party_affiliation_changes_from,REP,8
2024-12,Dorchester,party_affiliation_changes_from,NLM,0
2024-12,Dorchester,party_affiliation_changes_from,LIB,0
2024-12,Dorchester,party_affiliation_changes_from,GRN,0
2024-12,Dorchester,party_affiliation_changes_from,UNAF,22
2024-12,Dorchester,party_affiliation_changes_from,OTH,6
2024-12,Frederick,address_changes,,791
2024-12,Frederick,name_changes,,620
2024-12,Frederick,confirmation_mailings,,1019
2024-12,Frederick,inactive,,9192
2024-12,Frederick,party_affiliation_changes_from,DEM,219
2024-12,Frederick,party_affiliation_changes_from,REP,70
2024-12,Frederick,party_affiliation_changes_from,NLM,15
2024-12,Frederick,party_affiliation_changes_from,LIB,18
2024-12,Frederick,party_affiliation_changes_from,GRN,5
2024-12,Frederick,party_affiliation_changes_from,UNAF,312
2024-12,Frederick,party_affiliation_changes_from,OTH,49
2024-12,Garrett,address_changes,,165
2024-12,Garrett,name_changes,,117
2024-12,Garrett,confirmation_mailings,,72
2024-12,Garrett,inactive,,796
2024-12,Garrett,party_affiliation_changes_from,DEM,24
2024-12,Garrett,party_affiliation_changes_from,REP,23
2024-12,Garrett,party_affiliation_changes_from,NLM,1
2024-12,Garrett,party_affiliation_changes_from,LIB,3
2024-12,Garrett,party_affiliation_changes_from,GRN,1
2024-12,Garrett,party_affiliation_changes_from,UNAF,34
2024-12,Garrett,party_affiliation_changes_from,OTH,7
2024-12,Harford,address_changes,,1802
2024-12,Harford,name_changes,,1491
2024-12,Harford,confirmation_mailings,,1284
2024-12,Harford,inactive,,7252
2024-12,Harford,party_affiliation_changes_from,DEM,307
2024-12,Harford,party_affiliation_changes_from,REP,144
2024-12,Harford,party_affiliation_changes_from,NLM,9
2024-12,Harford,party_affiliation_changes_from,LIB,20
2024-12,Harford,party_affiliation_changes_from,GRN,3
2024-12,Harford,party_affiliation_changes_from,UNAF,211
2024-12,Harford,party_affiliation_changes_from,OTH,37
2024-12,Howard,address_changes,,2519
2024-12,Howard,name_changes,,2386
2024-12,Howard,confirmation_mailings,,5385
2024-12,Howard,inactive,,8341
2024-12,Howard,party_affiliation_changes_from,DEM,851
2024-12,Howard,party_affiliation_changes_from,REP,288
2024-12,Howard,party_affiliation_changes_from,NLM,31
2024-12,Howard,party_affiliation_changes_from,LIB,22
2024-12,Howard,party_affiliation_changes_from,GRN,10
2024-12,Howard,party_affiliation_changes_from,UNAF,757
2024-12,Howard,party_affiliation_changes_from,OTH,96
2024-12,Kent,address_changes,,139
2024-12,Kent,name_changes,,80
2024-12,Kent,confirmation_mailings,,51
2024-12,Kent,inactive,,905
2024-12,Kent,party_affiliation_changes_from,DEM,24
2024-12,Kent,party_affiliation_changes_from,REP,9
2024-12,Kent,party_affiliation_changes_from,NLM,3
2024-12,Kent,party_affiliation_changes_from,LIB,1
2024-12,Kent,party_affiliation_changes_from,GRN,0
2024-12,Kent,party_affiliation_changes_from,UNAF,17
2024-12,Kent,party_affiliation_changes_from,OTH,3
2024-12,Montgomery,address_changes,,1126
2024-12,Montgomery,name_changes,,3114
2024-12,Montgomery,confirmation_mailings,,0
2024-12,Montgomery,inactive,,35431
2024-12,Montgomery,party_affiliation_changes_from,DEM,1300
2024-12,Montgomery,party_affiliation_changes_from,REP,304
2024-12,Montgomery,party_affiliation_changes_from,NLM,58
2024-12,Montgomery,party_affiliation_changes_from,LIB,54
2024-12,Montgomery,party_affiliation_changes_from,GRN,28
2024-12,Montgomery,party_affiliation_changes_from,UNAF,1628
2024-12,Montgomery,party_affiliation_changes_from,OTH,212
2024-12,Prince George's,address_changes,,7276
2024-12,Prince George's,name_changes,,7720
2024-12,Prince George's,confirmation_mailings,,13381
2024-12,Prince George's,inactive,,44010
2024-12,Prince George's,party_affiliation_changes_from,DEM,2307
2024-12,Prince George's,party_affiliation_changes_from,REP,437
2024-12,Prince George's,party_affiliation_changes_from,NLM,106
2024-12,Prince George's,party_affiliation_changes_from,LIB,69
2024-12,Prince George's,party_affiliation_changes_from,GRN,21
2024-12,Prince George's,party_affiliation_changes_from,UNAF,1776
2024-12,Prince George's,party_affiliation_changes_from,OTH,354
2024-12,Queen Anne's,address_changes,,451
2024-12,Queen Anne's,name_changes,,302
2024-12,Queen Anne's,confirmation_mailings,,501
2024-12,Queen Anne's,inactive,,1250
2024-12,Queen Anne's,party_affiliation_changes_from,DEM,44
2024-12,Queen Anne's,party_affiliation_changes_from,REP,40
2024-12,Queen Anne's,party_affiliation_changes_from,NLM,2
2024-12,Queen Anne's,party_affiliation_changes_from,LIB,4
2024-12,Queen Anne's,party_affiliation_changes_from,GRN,1
2024-12,Queen Anne's,party_affiliation_changes_from,UNAF,61
2024-12,Queen Anne's,party_affiliation_changes_from,OTH,7
2024-12,St. Mary's,address_changes,,367
2024-12,St. Mary's,name_changes,,284
2024-12,St. Mary's,confirmation_mailings,,1270
2024-12,St. Mary's,inactive,,4636
2024-12,St. Mary's,party_affiliation_changes_from,DEM,46
2024-12,St. Mary's,party_affiliation_changes_from,REP,26
2024-12,St. Mary's,party_affiliation_changes_from,NLM,1
2024-12,St. Mary's,party_affiliation_changes_from,LIB,0
2024-12,St. Mary's,party_affiliation_changes_from,GRN,1
2024-12,St. Mary's,party_affiliation_changes_from,UNAF,41
2024-12,St. Mary's,party_affiliation_changes_from,OTH,4
2024-12,Somerset,address_changes,,208
2024-12,Somerset,name_changes,,84
2024-12,Somerset,confirmation_mailings,,107
2024-12,Somerset,inactive,,323
2024-12,Somerset,party_affiliation_changes_from,DEM,23
2024-12,Somerset,party_affiliation_changes_from,REP,9
2024-12,Somerset,party_affiliation_changes_from,NLM,1
2024-12,Somerset,party_affiliation_changes_from,LIB,1
2024-12,Somerset,party_affiliation_changes_from,GRN,2
2024-12,Somerset,party_affiliation_changes_from,UNAF,19
2024-12,Somerset,party_affiliation_changes_from,OTH,2
2024-12,Talbot,address_changes,,217
2024-12,Talbot,name_changes,,151
2024-12,Talbot,confirmation_mailings,,133
2024-12,Talbot,inactive,,2026
2024-12,Talbot,party_affiliation_changes_from,DEM,55
2024-12,Talbot,party_affiliation_changes_from,REP,25
2024-12,Talbot,party_affiliation_changes_from,NLM,1
2024-12,Talbot,party_affiliation_changes_from,LIB,6
2024-12,Talbot,party_affiliation_changes_from,GRN,0
2024-12,Talbot,party_affiliation_changes_from,UNAF,63
2024-12,Talbot,party_affiliation_changes_from,OTH,6
2024-12,Washington,address_changes,,1075
2024-12,Washington,name_changes,,882
2024-12,Washington,confirmation_mailings,,394
2024-12,Washington,inactive,,5677
2024-12,Washington,party_affiliation_changes_from,DEM,155
2024-12,Washington,party_affiliation_changes_from,REP,65
2024-12,Washington,party_affiliation_changes_from,NLM,1
2024-12,Washington,party_affiliation_changes_from,LIB,14
2024-12,Washington,party_affiliation_changes_from,GRN,2
2024-12,Washington,party_affiliation_changes_from,UNAF,94
2024-12,Washington,party_affiliation_changes_from,OTH,13
2024-12,Wicomico,address_changes,,1031
2024-12,Wicomico,name_changes,,516
2024-12,Wicomico,confirmation_mailings,,423
2024-12,Wicomico,inactive,,2631
2024-12,Wicomico,party_affiliation_changes_from,DEM,168
2024-12,Wicomico,party_affiliation_changes_from,REP,94
2024-12,Wicomico,party_affiliation_changes_from,NLM,11
2024-12,Wicomico,party_affiliation_changes_from,LIB,8
2024-12,Wicomico,party_affiliation_changes_from,GRN,0
2024-12,Wicomico,party_affiliation_changes_from,UNAF,199
2024-12,Wicomico,party_affiliation_changes_from,OTH,34
2024-12,Worcester,address_changes,,304
2024-12,Worcester,name_changes,,178
2024-12,Worcester,confirmation_mailings,,282
2024-12,Worcester,inactive,,2363
2024-12,Worcester,party_affiliation_changes_from,DEM,54
2024-12,Worcester,party_affiliation_changes_from,REP,33
2024-12,Worcester,party_affiliation_changes_from,NLM,2
2024-12,Worcester,party_affiliation_changes_from,LIB,2
2024-12,Worcester,party_affiliation_changes_from,GRN,0
2024-12,Worcester,party_affiliation_changes_from,UNAF,55
2024-12,Worcester,party_affiliation_changes_from,OTH,10
